

diff: 51
n: 2
bars: 125 67 
|                                                                                                                                                                                                                                                                                                                                                                                                                |

diff: 431
n: 4
bars: 100 8 4 58 
|                                                                                                                                                                                                                                                                                                                                                                                                                |

diff: 1299
n: 6
bars: 93 6 3 2 4 42 
|                                                                                                                                                                                                                                                                                                                                                                                                                |

diff: 1426
n: 7
bars: 89 14 5 2 3 3 38 
|                                                                                                                                                                                                                                                                                                                                                                                                                |

diff: 2203
n: 8
bars: 92 6 3 2 2 2 2 32 
|                                                                                                                                                                                                                                                                                                                                                                                                                |

diff: 2394
n: 8
bars: 90 5 3 2 2 1 2 31 
|                                                                                                                                                                                                                                                                                                                                                                                                                |

diff: 2582
n: 9
bars: 83 10 4 3 2 2 4 2 30 
|                                                                                                                                                                                                                                                                                                                                                                                                                |

diff: 2633
n: 9
bars: 59 6 7 7 18 9 6 5 20 
|                                                                                                                                                                                                                                                                                                                                                                                                                |

diff: 4152
n: 11
bars: 57 6 6 5 8 4 5 7 7 3 19 
|                                                                                                                                                                                                                                                                                                                                                                                                                |

diff: 4353
n: 11
bars: 60 6 7 13 4 3 5 2 3 7 15 
|                                                                                                                                                                                                                                                                                                                                                                                                                |

diff: 5778
n: 11
bars: 37 6 9 11 3 3 2 7 10 7 8 
|                                                                                                                                                                                                                                                                                                                                                                                                                |

diff: 6252
n: 10
bars: 12 4 6 4 4 10 4 15 13 5 
|                                                                                                                                                                                                                                                                                                                                                                                                                |

diff: 7557
n: 12
bars: 7 3 3 13 10 5 13 4 16 8 8 4 
|                                                                                                                                                                                                                                                                                                                                                                                                                |

diff: 9359
n: 12
bars: 16 3 3 4 5 12 3 9 2 6 5 4 
|                                                                                                                                                                                                                                                                                                                                                                                                                |

diff: 9795
n: 12
bars: 16 3 3 4 5 4 3 9 2 7 4 5 
|                                                                                                                                                                                                                                                                                                                                                                                                                |

diff: 10829
n: 13
bars: 11 4 3 4 6 5 6 1 7 4 8 3 8 
|                                                                                                                                                                                                                                                                                                                                                                                                                |

diff: 23776
n: 13
bars: 9 2 2 3 4 3 3 4 8 6 16 10 50 
|██████████████████                                                        ██                                                                                                                                                                                                                                  ██████████████████████████████████████████████████████████████████████████████████████████████████|

diff: 25438
n: 13
bars: 9 2 1 4 4 3 4 4 8 6 14 11 49 
|██████████████████                                                        ██                                                                                                                                                                                                                                  ██████████████████████████████████████████████████████████████████████████████████████████████████|

diff: 35259
n: 13
bars: 1 2 3 3 5 2 3 3 9 11 3 4 28 
|██                                                                      ██                                                                                                                                                                                                                                                                              ████████████████████████████████████████████████████████|

diff: 41378
n: 13
bars: 1 2 2 2 4 3 3 3 7 9 4 4 27 
|██                                                                      ██                                                                                                                                                                                                                                                                                ██████████████████████████████████████████████████████|

diff: 470533
n: 8
bars: 51 11 9 13 3 3 28 14 
|████          ████████████████████████████████████████████████████████████████████████████████████████░░░░░░██                                                                                                                                                                                                                                                            ████    ░░██████████████            ██|

diff: 604581
n: 10
bars: 3 16 14 7 6 5 6 7 5 4 
|██████░░░░████████████████████████████████░░░░░░░░░░░░░░░░████████████████████████████░░                                                                                                                                                                                                                                                                                                          ░░░░░░████████|

diff: 764861
n: 9
bars: 27 26 11 3 5 6 11 5 1 
|██████████████████████████████████████████████████████░░░░░░░░░░████████████████████████████████████████████████████░░                        ████████████████░░░░      ████░░                                                                                                                                              ░░██████                                                              ██████░░░░░░██|

diff: 876922
n: 10
bars: 39 3 7 3 12 5 3 3 5 23 
|██████████████████████████████████████████████████████████████████████████████░░  ████      ████████████                                          ░░████████████████████████░░░░              ████████░░░░░░██████                                                                                                                                            ░░░░██████████████████████████████████████████████|

diff: 967126
n: 11
bars: 39 3 9 5 14 10 3 3 3 6 24 
|██████████████████████████████████████████████████████████████████████████████░░  ████      ████████████████                                      ░░████████████████████████████░░            ████████████████████░░                                                                                                                                          ░░████████████████████████████████████████████████|

diff: 2186542
n: 11
bars: 57 6 6 5 8 4 5 7 7 3 19 
|██████████████████████████████████████████████████████████████████████████████████████████████████████████████████░░░░░░██                                                                                                                                                                                                                                          ░░░░░░██████████████████████████████████████|