

diff: 2181
n: 4
bars: 12 6 5 9 
|                                                                                                                                                                                                                                                                                                                                                                                                                |

diff: 4341
n: 7
bars: 4 21 7 5 4 6 14 
|                                                                                                                                                                                                                                                                                                                                                                                                                |

diff: 6484
n: 10
bars: 1 7 23 6 4 5 2 8 4 15 
|                                                                                                                                                                                                                                                                                                                                                                                                                |

diff: 7152
n: 13
bars: 9 10 26 6 2 6 6 7 1 3 3 13 16 
|                                                                                                                                                                                                                                                                                                                                                                                                                |

diff: 7763
n: 10
bars: 7 4 11 3 9 4 6 2 3 3 
|                                                                                                                                                                                                                                                                                                                                                                                                                |

diff: 8720
n: 14
bars: 26 4 10 3 2 4 4 7 3 8 7 2 5 23 
|                                                                                                                                                                                                                                                                                                                                                                                                                |

diff: 10564
n: 14
bars: 17 5 6 5 4 4 4 5 5 4 5 11 2 4 
|                                                                                                                                                                                                                                                                                                                                                                                                                |

diff: 10724
n: 13
bars: 6 5 7 6 6 4 5 5 7 7 3 3 2 
|                                                                                                                                                                                                                                                                                                                                                                                                                |

diff: 11067
n: 14
bars: 4 7 5 7 6 6 5 7 5 9 6 3 5 2 
|                                                                                                                                                                                                                                                                                                                                                                                                                |

diff: 12147
n: 21
bars: 6 7 3 2 2 3 8 11 19 11 1 8 4 11 2 3 4 4 3 3 9 
|                                                                                                                                                                                                                                                                                                                                                                                                                |

diff: 13179
n: 12
bars: 7 5 14 3 5 3 2 2 3 38 1 6 
|                              ██                                                                                                                                                                                                                                                                                                                                                    ██                      ████|

diff: 13307
n: 12
bars: 6 6 15 2 3 4 3 2 2 33 2 6 
|                              ██                                                                                                                                                                                                                                                                                                                          ██                                                ████|

diff: 19138
n: 10
bars: 4 6 14 4 3 1 2 5 4 37 
|                ██        ██████                                                                                                                                                                                                                                                                                                                                                  ████                      ████|

diff: 28458
n: 11
bars: 2 7 12 6 13 4 7 3 1 18 4 
|                ██        ██████                                                                                                                                                                                                                                                                                                                                                                            ████|

diff: 29108
n: 19
bars: 3 6 2 2 2 2 2 4 3 3 5 8 14 7 29 3 7 32 3 
|                          ██  ██                                                                                                                                                                                                                ██              ████                                                                                    ██████████████████████████████████████            ██████|

diff: 245352
n: 18
bars: 3 1 23 3 1 3 3 3 3 8 14 7 2 6 1 20 27 3 
|                ████    ████████                                                                                                                                                                                                                                ████                                                                                    ████████████████████  ████████████████  ██  ██    ██████|

diff: 603028
n: 14
bars: 6 14 7 6 8 6 6 6 5 3 5 3 3 4 
|                                                                                                              ████████████████    ██    ██              ████████  ░░████                  ██                                                                                            ██                                                                                                                      |

diff: 685633
n: 14
bars: 7 21 7 8 6 8 7 5 5 5 3 2 2 3 
|                                                                                                              ██████████████████████  ████            ██████████░░██████                  ██    ██                                                                                      ██                                                                                                                      |

diff: 813128
n: 14
bars: 8 5 16 16 7 8 7 6 5 4 2 3 5 2 
|                                                                                                              ██████████████████████  ████            ██████████████████                  ██    ██                                                                                      ██                                                                                                                      |

diff: 1153954
n: 18
bars: 8 2 4 3 5 3 24 17 17 5 5 4 12 5 1 14 2 8 
|              ██                                                                    ████████████████████████████████████████████████                      ██████████████░░          ████  ██                                                                                                            ██████                                                                  ██              ████████        |

diff: 3361235
n: 14
bars: 6 14 7 6 8 6 6 6 5 3 5 3 3 4 
|                                                                                                            ██████████████████  ██████████            ██████████  ░░████████████          ██  ████        ░░                                                                            ██                                                                                                                      |