

diff: 42
n: 2
bars: 125 67 
|                                                                                                                                                                                                                                                                                                                                                                                                                |

diff: 360
n: 4
bars: 100 8 4 58 
|                                                                                                                                                                                                                                                                                                                                                                                                                |

diff: 1076
n: 6
bars: 93 6 3 2 4 42 
|                                                                                                                                                                                                                                                                                                                                                                                                                |

diff: 1217
n: 7
bars: 89 14 5 2 3 3 38 
|                                                                                                                                                                                                                                                                                                                                                                                                                |

diff: 2961
n: 8
bars: 92 6 3 2 2 2 2 32 
|                                                                                                                                                                                                                                                                                                                                                                                                                |

diff: 3841
n: 8
bars: 90 5 3 2 2 1 2 31 
|                                                                                                                                                                                                                                                                                                                                                                                                                |

diff: 4075
n: 11
bars: 57 6 6 5 8 4 5 7 7 3 19 
|                                                                                                                                                                                                                                                                                                                                                                                                                |

diff: 5337
n: 10
bars: 56 5 5 5 11 3 6 4 4 19 
|                                                                                                                                                                                                                                                                                                                                                                                                                |

diff: 5729
n: 11
bars: 37 6 9 11 3 3 2 7 10 7 8 
|                                                                                                                                                                                                                                                                                                                                                                                                                |

diff: 6031
n: 10
bars: 35 6 9 17 3 18 6 11 8 8 
|                                                                                                                                                                                                                                                                                                                                                                                                                |

diff: 6198
n: 10
bars: 12 4 6 4 4 10 4 15 13 5 
|                                                                                                                                                                                                                                                                                                                                                                                                                |

diff: 7149
n: 12
bars: 7 3 3 13 10 5 13 4 16 8 8 4 
|                                                                                                                                                                                                                                                                                                                                                                                                                |

diff: 8801
n: 12
bars: 16 3 3 4 5 12 3 9 2 6 5 4 
|                                                                                                                                                                                                                                                                                                                                                                                                                |

diff: 9375
n: 12
bars: 16 3 3 4 5 4 3 9 2 7 4 5 
|                                                                                                                                                                                                                                                                                                                                                                                                                |

diff: 9381
n: 12
bars: 15 3 3 5 5 5 4 9 3 8 4 5 
|                                                                                                                                                                                                                                                                                                                                                                                                                |

diff: 10311
n: 13
bars: 11 4 3 4 6 5 6 1 7 4 8 3 8 
|                                                                                                                                                                                                                                                                                                                                                                                                                |

diff: 10462
n: 13
bars: 10 4 3 4 6 6 6 4 7 4 7 2 10 
|                                                                                                                                                                                                                                                                                                                                                                                                                |

diff: 15184
n: 12
bars: 7 3 4 3 4 6 6 8 7 5 4 20 
|                                                                                                                                                                                                                                                                                                                                                                                                                |

diff: 22724
n: 13
bars: 9 2 2 3 4 3 3 4 8 6 16 10 50 
|██████████████████                                                        ██                                                                                                                                                                                                                                  ██████████████████████████████████████████████████████████████████████████████████████████████████|

diff: 24287
n: 13
bars: 9 2 1 4 4 3 4 4 8 6 14 11 49 
|██████████████████                                                        ██                                                                                                                                                                                                                                  ██████████████████████████████████████████████████████████████████████████████████████████████████|

diff: 24516
n: 12
bars: 2 2 2 3 3 3 4 4 5 4 5 46 
|████      ██                                                                                                                                                                                                            ██                                                                                          ████████████████████████████████████████████████████████████████████████████████████████████|

diff: 34244
n: 13
bars: 1 2 3 3 5 2 3 3 9 11 3 4 28 
|██                                                                      ██                                                                                                                                                                                                                                                                              ████████████████████████████████████████████████████████|

diff: 40125
n: 13
bars: 1 2 2 2 4 3 3 3 7 9 4 4 27 
|██                                                                      ██                                                                                                                                                                                                                                                                                ██████████████████████████████████████████████████████|

diff: 446912
n: 8
bars: 51 11 9 13 3 3 28 14 
|████          ████████████████████████████████████████████████████████████████████████████████████████░░░░░░██                                                                                                                                                                                                                                                            ████    ░░██████████████            ██|

diff: 531487
n: 10
bars: 3 16 14 7 6 5 6 7 5 4 
|██████░░░░████████████████████████████████░░░░░░░░░░░░░░░░████████████████████████████░░                                                                                                                                                                                                                                                                                                          ░░░░░░████████|

diff: 535544
n: 9
bars: 4 18 19 9 5 4 7 8 5 
|████████░░████████████████████████████████████░░░░░░░░░░░░░░██████████████████████████████████████                                                                                                                                                                                                                                                                                                ░░░░██████████|

diff: 691697
n: 9
bars: 27 26 11 3 5 6 11 5 1 
|██████████████████████████████████████████████████████░░░░░░░░░░████████████████████████████████████████████████████░░                        ████████████████░░░░      ████░░                                                                                                                                              ░░██████                                                              ██████░░░░░░██|

diff: 805853
n: 10
bars: 39 3 7 3 12 5 3 3 5 23 
|██████████████████████████████████████████████████████████████████████████████░░  ████      ████████████                                          ░░████████████████████████░░░░              ████████░░░░░░██████                                                                                                                                            ░░░░██████████████████████████████████████████████|

diff: 863848
n: 11
bars: 39 3 9 5 14 10 3 3 3 6 24 
|██████████████████████████████████████████████████████████████████████████████░░  ████      ████████████████                                      ░░████████████████████████████░░            ████████████████████░░                                                                                                                                          ░░████████████████████████████████████████████████|

diff: 2030607
n: 11
bars: 57 6 6 5 8 4 5 7 7 3 19 
|██████████████████████████████████████████████████████████████████████████████████████████████████████████████████░░░░░░██                                                                                                                                                                                                                                          ░░░░░░██████████████████████████████████████|