

diff: 816
n: 10
bars: 7 9 3 6 1 2 2 2 21 6 
|                                                                                                                                                                                              |

diff: 1439
n: 13
bars: 3 9 3 1 4 2 2 2 3 4 10 5 6 
|                                                                                                                                                                                              |

diff: 2400
n: 16
bars: 1 11 3 2 5 1 1 2 2 3 3 3 3 2 1 6 
|                                                                                                                                                                                              |

diff: 2466
n: 22
bars: 1 2 2 2 1 2 2 1 1 3 2 1 3 3 4 3 5 3 5 3 2 6 
|                                                                                                                                                                                              |

diff: 2611
n: 24
bars: 3 3 1 2 1 2 1 2 2 3 2 1 2 2 2 4 3 3 3 2 3 3 4 3 
|                                                                                                                                                                                              |

diff: 2831
n: 25
bars: 3 3 2 2 2 1 1 2 2 1 1 1 2 1 2 2 5 3 3 2 2 4 3 4 2 
|                                                                                                                                                                                              |

diff: 2971
n: 23
bars: 3 3 2 2 2 2 2 3 1 1 1 1 2 3 3 5 3 3 3 2 3 3 4 
|                                                                                                                                                                                              |

diff: 3422
n: 21
bars: 1 6 1 2 3 2 4 1 1 1 1 1 4 1 5 5 3 2 2 2 1 
|                                                                                                                                                                                              |

diff: 4067
n: 22
bars: 1 2 2 2 1 2 2 1 1 3 2 1 3 3 4 3 5 3 5 3 2 6 
|                                            ██                                                                                                              ██                                |

diff: 10673
n: 23
bars: 3 3 2 2 2 2 2 3 1 1 1 1 2 3 3 5 3 3 3 2 3 3 4 
|                                                                ██                                                                                                                            |

diff: 13542
n: 17
bars: 3 5 1 4 2 4 5 1 1 5 2 4 5 5 2 4 2 
|                                          ████    ████      ██                                                                          ████                ██                                |

diff: 70607
n: 19
bars: 5 1 4 7 5 2 1 2 2 1 2 5 4 3 3 3 2 1 1 
|                                  ████    ████      ██                                                                                                    ████    ██        ██                |

diff: 73485
n: 17
bars: 4 5 2 3 2 3 6 1 1 5 3 4 4 6 2 4 3 
|████████░░░░░░██████████░░██                ██    ████      ██                                                                          ████                ██                                |

diff: 161114
n: 21
bars: 1 6 1 2 3 2 4 1 1 1 1 1 4 1 5 5 3 2 2 2 1 
|  ░░░░████████████░░██              ██    ████      ██                                                                                  ████                ██    ██        ██                |

diff: 182175
n: 19
bars: 5 1 4 7 5 2 1 2 2 1 2 5 4 3 3 3 2 1 1 
|░░░░██████████░░░░  ░░    ████    ████    ████      ██                                                                                                    ████    ██        ██                |

diff: 310561
n: 21
bars: 1 6 1 2 3 2 4 1 1 1 1 1 4 1 5 5 3 2 2 2 1 
|██░░░░████████████░░██░░  ██      ████  ░░████░░    ██                                                                                  ████                ██    ██        ██                |

diff: 349146
n: 18
bars: 3 3 5 8 5 2 1 3 4 2 3 2 4 2 1 2 1 1 
|██████░░██████░░░░██████████░░░░░░██████████████      ░░    ██                                                                                              ██                            ░░██|

diff: 438252
n: 18
bars: 3 3 5 8 5 2 1 3 4 2 3 2 4 2 1 2 1 1 
|██████░░██████░░░░██████████░░░░░░████████████████░░░░░░██  ██████                                                                                          ██                            ░░██|

diff: 674347
n: 17
bars: 1 6 10 9 2 1 1 1 3 1 1 2 1 1 1 1 1 
|██░░████████████░░░░░░░░░░████████████████████░░░░░░░░██████  ██████                                                                                                                    ░░░░██|