

diff: 2097
n: 4
bars: 12 6 5 9 
|                                                                                                                                                                                                                                                                                                                                                                                                                |

diff: 3949
n: 7
bars: 4 21 7 5 4 6 14 
|                                                                                                                                                                                                                                                                                                                                                                                                                |

diff: 6351
n: 10
bars: 1 7 23 6 4 5 2 8 4 15 
|                                                                                                                                                                                                                                                                                                                                                                                                                |

diff: 7025
n: 13
bars: 9 10 26 6 2 6 6 7 1 3 3 13 16 
|                                                                                                                                                                                                                                                                                                                                                                                                                |

diff: 7588
n: 10
bars: 7 4 11 3 9 4 6 2 3 3 
|                                                                                                                                                                                                                                                                                                                                                                                                                |

diff: 7929
n: 14
bars: 26 4 10 3 2 4 4 7 3 8 7 2 5 23 
|                                                                                                                                                                                                                                                                                                                                                                                                                |

diff: 8688
n: 14
bars: 37 5 5 5 3 2 7 5 3 10 6 5 3 4 
|                                                                                                                                                                                                                                                                                                                                                                                                                |

diff: 10798
n: 14
bars: 17 5 6 5 4 4 4 5 5 4 5 11 2 4 
|                                                                                                                                                                                                                                                                                                                                                                                                                |

diff: 10840
n: 13
bars: 6 5 7 6 6 4 5 5 7 7 3 3 2 
|                                                                                                                                                                                                                                                                                                                                                                                                                |

diff: 11157
n: 14
bars: 4 7 5 7 6 6 5 7 5 9 6 3 5 2 
|                                                                                                                                                                                                                                                                                                                                                                                                                |

diff: 12586
n: 21
bars: 6 7 3 2 2 3 8 11 19 11 1 8 4 11 2 3 4 4 3 3 9 
|                                                                                                                                                                                                                                                                                                                                                                                                                |

diff: 13430
n: 10
bars: 13 14 3 7 3 1 2 2 40 6 
|                              ██                                                                                                                                                                                                                                                                                                                                                                            ████|

diff: 20596
n: 12
bars: 7 5 14 3 5 3 2 2 3 38 1 6 
|                              ██                                                                                                                                                                                                                                                                                                                                                    ██                      ████|

diff: 20722
n: 12
bars: 6 6 15 2 3 4 3 2 2 33 2 6 
|                              ██                                                                                                                                                                                                                                                                                                                          ██                                                ████|

diff: 25155
n: 10
bars: 4 6 14 4 3 1 2 5 4 37 
|                ██        ██████                                                                                                                                                                                                                                                                                                                                                  ████                      ████|

diff: 25690
n: 11
bars: 2 7 12 6 13 4 7 3 1 18 4 
|                ██        ██████                                                                                                                                                                                                                                                                                                                                                                            ████|

diff: 27029
n: 19
bars: 3 6 2 2 2 2 2 4 3 3 5 8 14 7 29 3 7 32 3 
|                          ██  ██                                                                                                                                                                                                                ██              ████                                                                                    ██████████████████████████████████████            ██████|

diff: 230511
n: 18
bars: 3 1 23 3 1 3 3 3 3 8 14 7 2 6 1 20 27 3 
|                ████    ████████                                                                                                                                                                                                                                ████                                                                                    ████████████████████  ████████████████  ██  ██    ██████|

diff: 556824
n: 14
bars: 6 14 7 6 8 6 6 6 5 3 5 3 3 4 
|                                                                                                              ████████████████    ██    ██              ████████  ░░████                  ██                                                                                            ██                                                                                                                      |

diff: 811180
n: 14
bars: 7 21 7 8 6 8 7 5 5 5 3 2 2 3 
|                                                                                                              ██████████████████████  ████            ██████████░░██████                  ██    ██                                                                                      ██                                                                                                                      |

diff: 1027206
n: 18
bars: 8 2 4 3 5 3 24 17 17 5 5 4 12 5 1 14 2 8 
|              ██                                                                    ████████████████████████████████████████████████                      ██████████████░░          ████  ██                                                                                                            ██████                                                                  ██              ████████        |

diff: 3066176
n: 14
bars: 6 14 7 6 8 6 6 6 5 3 5 3 3 4 
|                                                                                                            ██████████████████  ██████████            ██████████  ░░████████████          ██  ████        ░░                                                                            ██                                                                                                                      |