95
7	9	3	6	1	2	2	2	21	6
3	9	3	1	4	2	2	2	3	4	10	5	6
1	11	3	2	5	1	1	2	2	3	3	3	3	2	1	6
8	3	3	2	7	2	2	2	2	3	1	3	3	3	1	2	7
7	4	3	2	1	5	3	1	2	2	2	1	3	2	4	5	1	7
7	5	2	2	1	5	3	2	2	2	2	3	5	4	2	2	7
7	4	3	2	2	2	6	3	2	2	2	2	4	2	8	2	2	7
6	4	1	2	2	2	2	3	2	2	3	3	2	2	4	2	5	4	2	2	8
8	5	2	2	2	2	2	3	5	1	3	6	4	10	4	2	10
6	2	1	1	2	2	1	1	4	4	2	3	6	3	12	4	2	9
5	2	2	2	3	1	2	2	5	3	2	3	5	2	6	9	1	8
3	3	3	2	4	2	1	1	1	2	1	1	2	3	5	3	6	4	3	2	7
1	2	2	2	1	2	2	1	1	3	2	1	3	3	4	3	5	3	5	3	2	6
4	2	3	2	1	1	2	1	3	2	1	2	3	4	2	4	6	5	3	2	6
2	3	3	2	2	4	1	4	2	2	3	3	3	2	4	8	9	1	6
1	3	2	1	1	1	1	2	1	4	2	2	3	1	3	3	3	4	3	5	4	4	1	5
3	3	2	1	2	4	2	1	2	3	2	3	1	3	3	2	4	3	6	4	4	1	4
2	5	2	2	2	1	2	1	2	2	3	2	4	2	3	3	3	3	12	4	3	1	3
1	4	3	2	2	2	1	2	2	2	3	1	2	2	2	3	3	4	3	3	3	1	3	4	4	1	2
3	3	1	2	1	2	1	2	2	3	2	1	2	2	2	4	3	3	3	2	3	3	4	3
3	3	2	2	2	1	1	2	2	1	1	1	2	1	2	2	5	3	3	2	2	4	3	4	2
1	3	3	2	2	1	2	2	3	1	1	1	2	2	2	3	4	3	3	6	3	3	5	1
1	4	3	2	2	2	2	2	3	1	1	2	2	1	3	3	5	3	3	3	2	3	4	5
3	3	2	2	2	2	2	3	1	1	1	1	2	3	3	5	3	3	3	2	3	3	4
3	4	2	3	2	1	2	3	1	1	1	1	2	3	3	6	3	3	3	2	3	4	3
3	4	3	3	1	2	2	3	1	1	1	1	1	3	3	5	4	3	3	2	3	4	3
2	5	4	3	1	2	2	3	1	1	1	1	1	3	2	5	4	3	4	2	4	3	3
1	3	3	3	2	2	2	3	3	1	2	3	3	4	3	4	5	3	3	3	2
1	4	3	3	2	2	3	3	2	2	1	2	2	5	3	4	5	3	4	4	2
4	4	3	2	2	3	3	2	1	1	2	5	3	4	5	4	4	4	1
5	3	2	3	2	3	3	1	1	1	3	2	3	4	4	4	3	4	1
4	4	2	3	2	3	3	1	1	2	4	2	2	3	4	4	1	2	4	3	1
4	5	2	3	2	3	3	1	1	10	4	4	4	1	2	4	3
4	5	2	3	2	3	3	1	11	3	4	6	2	4	3
4	5	2	3	2	3	6	1	1	5	3	4	4	6	2	4	3
3	5	1	4	2	4	5	1	1	5	2	4	5	5	2	4	2
3	5	2	1	2	2	4	5	1	1	5	3	4	5	5	3	4	2
3	6	2	1	2	2	4	5	1	1	7	2	4	5	5	3	5	2
2	5	1	2	2	2	4	5	1	1	1	2	7	4	5	5	3	5	2
2	5	2	2	2	2	4	5	1	1	1	2	4	3	5	4	3	5	2
1	9	1	2	2	4	3	3	1	1	5	3	3	4	4	3	4	3
1	8	2	2	2	4	2	3	1	1	1	4	4	5	4	3	3	2
1	5	2	2	2	2	4	2	2	1	1	2	7	2	3	5	3	3	3	2	1
1	6	1	2	3	2	4	1	1	1	1	1	4	1	5	5	3	2	2	2	1
6	2	3	3	2	5	2	1	1	1	1	2	5	5	3	2	2	2	1
6	2	3	3	3	5	2	1	2	2	1	1	6	5	4	2	2	1	1
5	1	4	7	5	2	1	2	2	1	2	5	4	3	3	3	2	1	1
6	2	4	7	6	1	2	1	2	2	5	3	3	3	2	2	1	1
6	2	4	7	6	1	2	2	3	1	6	3	3	3	2	2	3
6	2	4	7	6	2	2	8	2	5	3	3	3	2	2	3
5	2	5	7	6	2	2	10	2	5	3	3	2	2	2	1	1
6	2	4	7	7	2	2	13	3	4	2	3	2	2	3	1
5	3	4	7	6	3	2	15	4	3	3	3	2	2	1	1	2
4	2	4	7	6	3	1	17	4	4	2	4	2	2	1	1	1
4	1	4	7	6	2	1	3	11	2	3	2	4	2	2	1	1	1	1
4	2	5	7	5	2	1	3	9	2	3	1	4	1	2	3	1	1
4	2	5	8	5	2	1	3	6	3	3	2	3	2	1	2	1	1
3	3	5	8	5	2	1	3	4	2	3	2	4	2	1	2	1	1
3	3	6	7	5	2	1	2	4	3	3	1	4	2	1	2	2
3	3	6	7	5	2	1	2	3	2	2	6	1	1	2	2
2	3	6	8	4	2	1	2	3	3	2	5	1	1	2	3
2	3	6	7	5	2	1	2	11	3	2	2	2	2	1	1	2	1	1
2	3	6	7	5	2	1	2	12	2	2	3	2	2	1	2	2	1
1	4	6	7	6	2	2	2	15	2	2	2	2	3	2	2	2	1
1	4	7	7	5	2	2	2	18	2	1	5	3	1	3	1	2
1	4	7	6	6	1	2	2	18	2	1	2	2	3	1	1	1	1	2
4	8	6	7	1	1	2	9	3	1	1	2	2	1	1	1	2	1	2
5	8	7	6	1	1	3	7	2	2	2	1	2	1	1	2	2	1	2
6	9	8	6	1	1	2	5	1	1	1	4	1	2	1	1	3
6	8	7	8	1	2	3	3	1	4	2	1	1	1	3
6	8	7	7	1	2	2	1	1	2	1	1	1	1	2	3
6	9	7	5	2	2	2	7	1	1	2	1	1	2	1	1	3
6	10	7	8	2	2	11	1	1	2	1	1	3	1	2
6	9	8	4	2	1	1	14	1	1	2	4	1	3	2
6	9	8	1	1	2	7	5	1	1	1	1	1	1	3	2
5	9	8	1	2	1	4	4	2	1	1	1	1	3	1	2
6	10	9	2	2	2	3	3	2	1	2	1	2	1	1	2
1	6	10	9	2	1	1	1	3	1	1	2	1	1	1	1	1
1	7	10	9	3	2	2	2	1	1	1	2	1	1	1	1
1	7	10	9	4	1	2	1	1	1	1	1	1	2	1	1
1	6	10	12	2	3	3	1	1	1	1	1	1	1
1	6	11	8	3	2	8	1	1	1	1	1
1	7	11	3	1	16	1	1	1	1	1
1	6	10	5	3	17	1	6	1	1	1	1
2	7	10	4	4	16	12	1	1	2
2	7	11	5	2	3	15	13	1	1	2
2	7	11	6	2	3	1	3	4	13	2	1	3
3	7	21	2	4	2	21	3
4	8	18	2	5	2	21	3
4	8	16	3	4	4	21	4
5	8	12	3	5	7	26
6	8	6	3	5	5	5	6	17
6	9	3	6	7	6	9	16
7	9	5	6	9	29
8	9	8	6	11	28
3 5 5 3 4 12 15 18
2 4 2 2 2 3 10 16 8 11
2 5 1 2 3 3 9 16 16 8
1 5 1 1 3 3 7 14 19 7
1 6 2 1 2 3 6 13 26 5
1 6 2 1 2 2 6 15 30 4
1 5 1 1 2 3 5 15 9 19 2
6 2 2 2 2 4 14 4 13 1
5 2 2 2 3 5 13 6 12
5 2 2 2 2 4 13 6 14 12
5 1 1 2 2 2 12 6 23 11
5 2 2 2 2 2 10 4 28 10
4 3 1 2 1 3 6 5 33 9
4 4 2 1 2 6 7 38 8
4 2 2 1 2 4 8 13 22 7
3 2 3 3 3 7 5 18 6
6 2 3 4 8 5 9 17 5
7 2 4 7 28 16 4
15 4 34 15 3
1 9 3 9 17 15 2
3 6 20 14 1
4 4 44 13 1
13 4 50 13
10 3 6 20 11
5 4 3 14 18 11
4 3 33 15 10
9 2 38 14 9
1 5 2 5 22 11 8
1 3 4 7 18 11 7
4 3 23 20 9 6
8 31 20 9 5
4 2 15 17 8 5
27 13 13 8 5 1
18 13 5 10 7 4 1
8 14 9 8 6 4 1
4 7 8 5 4 1
4 8 5 8 11 7 4 4 2
4 4 4 4 19 6 3 4 2
3 2 3 9 5 5 2 4 2
4 2 6 4 6 2 3 3
4 2 6 11 18 2 2 4 3
3 8 2 2 8 10 2 4 3
2 5 5 4 9 3 2 3 3 1
3 4 4 7 15 7 3 3 2
2 5 4 4 8 2 26 3 3 3 3
2 4 3 5 9 3 11 6 5 2 4
3 3 3 6 7 2 6 1 3 2 2 5
2 2 4 2 3 1 1 5 6 3 3 7
3 6 1 3 2 1 2 5 10 4 3 7
3 12 5 2 2 1 3 5 14 3 10
3 12 8 3 3 3 6 8 3 3 7
2 13 5 2 5 2 6 8 2 3 4 1
1 7 6 2 7 5 7 2 2 2
4 6 4 5 6 7 5 2 2 3
2 11 6 2 5 6 4 3 8
1 14 10 2 5 5 4 3 7
15 12 2 5 5 4 4 6
4 6 12 2 5 5 3 5 6
2 5 10 5 2 5 5 3 6 5
5 10 10 3 4 5 4 6 1 3
5 10 17 3 4 4 3 6 2 2
4 9 22 3 4 3 3 6 2 1
4 7 9 8 3 4 3 3 6 2
2 1 4 15 6 2 4 3 3 5 2
2 1 4 16 7 3 4 3 4 5 2
1 3 15 6 4 3 2 4 5 1
1 3 10 13 5 2 4 1 4 4 2
1 3 8 25 4 3 3 1 4 4 2
4 2 5 31 5 4 3 1 4 6 4
3 2 4 33 5 5 3 4 11
2 2 4 5 12 5 4 3 3 10
3 5 3 3 8 6 5 5 2 8
4 5 18 9 5 4 4 13
5 4 23 8 6 4 2 11
2 8 5 18 6 5 3 7 3
2 3 5 8 16 6 5 2 7 3
3 4 5 3 4 19 4 6 8 3
4 4 5 3 4 23 6 6 8 2
1 3 10 4 55 9 2
2 3 4 5 5 6 16 5 3 12
3 3 4 5 6 16 12 4 12
5 2 4 5 7 21 13 6 12
2 2 2 5 4 6 19 3 5 3 11
3 2 2 4 4 5 13 4 4 11
2 2 3 4 5 7 8 4 4 10
2 2 4 5 12 10 5 2 4 8
2 2 4 5 33 4 4 9
4 2 5 5 16 4 2 1 10
9 1 4 5 10 16 5 7 8
15 1 5 6 4 6 7 4 5 8 6
16 1 5 5 6 5 4 5
17 1 5 7 5 2 2 6 8 6
18 1 6 14 4 4 4 4 9
21 7 9 5 3 13 11
22 6 7 41
