200
125 67
100 8 4 58
93 6 3 2 4 42
89 14 5 2 3 3 38
88 22 4 2 2 2 36
100 11 4 2 2 2 37
92 6 3 2 2 2 2 32
90 5 3 2 2 1 2 31
83 10 4 3 2 2 4 2 30
80 23 4 3 2 1 3 4 30
77 14 15 3 3 2 2 3 3 30
71 13 12 4 3 2 5 30
68 11 9 3 2 14 31
66 8 6 6 2 32 25
64 7 15 4 16 1 6 24
62 6 29 14 8 6 23
60 5 36 16 7 5 22
59 6 7 7 18 9 6 5 20
57 6 6 5 8 4 5 7 7 3 19
56 5 5 5 11 3 6 4 4 19
55 6 6 6 13 3 6 3 24
60 6 7 13 4 3 5 2 3 7 15
51 11 9 13 3 3 28 14
49 8 9 12 4 4 24 26 2 10
46 4 14 8 11 32 28 3 8
44 17 10 43 12 3 5 8
42 18 10 34 8 10 2 6 7
40 6 10 9 3 13 12 8 10 6 7
37 6 9 11 3 3 2 7 10 7 8
35 6 9 17 3 18 6 11 8 8
33 6 32 4 27 3 12 8 9
31 5 32 3 32 11 8 2 8
29 6 31 3 38 10 12 7
27 6 28 3 48 7 13 6
25 6 17 58 5 13 6
24 6 11 8 41 19 3 13 7
22 6 11 2 12 48 22 1 14 7
20 6 10 3 40 30 24 13 3 4
19 6 9 6 32 3 26 27 12 3 4
18 6 9 7 22 3 21 29 11 6 4
16 5 8 10 7 3 13 32 19 4
15 5 8 13 3 9 43 5
14 5 7 6 8 3 11 26 11 5
13 5 7 8 9 3 12 17 5
12 4 6 4 4 10 4 15 13 5
11 5 5 4 4 13 32 11 6 5
10 4 4 5 4 61 9 8 5
9 4 4 6 5 56 9 9 5
8 3 3 8 5 28 20 8 8 5
7 3 3 13 10 5 13 4 16 8 8 4
6 52 5 3 11 7 8 4
6 13 43 4 4 8 8 4
5 3 24 22 4 8 7 7 4
4 16 20 4 10 9 7 4
3 11 16 5 11 10 6 4
2 41 17 26 10 6 4
2 40 5 4 12 23 11 6 4
1 20 10 4 5 15 20 11 5 6 4
1 16 4 3 4 5 46 10 10 6 4
18 3 3 4 5 41 10 3 4 5 4
18 3 2 4 6 35 10 3 4 5 4
17 3 2 4 5 26 10 3 5 5 4
16 3 3 4 5 12 3 9 2 6 5 4
16 3 3 4 5 4 3 9 2 7 4 5
15 3 3 5 5 5 4 9 3 8 4 5
14 3 2 4 6 4 4 8 3 8 4 6
13 3 2 4 6 5 5 8 3 9 3 6
13 4 3 4 6 5 5 7 3 9 4 7
12 4 3 4 6 5 5 8 4 8 3 7
11 4 3 4 6 5 6 1 7 4 8 3 8
11 4 3 4 6 6 6 3 8 4 7 3 9
10 4 3 4 6 6 6 4 7 4 7 2 10
10 5 3 4 7 6 7 5 7 4 6 1 11
9 5 3 4 6 6 7 6 7 4 5 12
9 6 3 4 6 6 7 6 7 4 4 14
8 3 4 3 4 6 7 8 6 6 4 3 15
8 3 4 3 4 7 7 8 6 7 4 1 17
7 3 4 3 4 6 6 8 7 5 4 20
7 4 4 3 4 6 6 8 7 4 5 19
6 4 3 3 4 7 6 9 7 4 18
6 4 3 2 4 6 6 9 8 4 18
6 4 4 2 4 7 7 9 8 4 17
5 4 4 3 5 6 6 9 8 4 16
5 5 4 3 4 7 6 10 8 4 16
5 6 4 3 5 7 6 10 8 4 15
4 5 3 3 4 6 6 11 9 4 14
4 6 3 3 5 7 6 10 9 3 13
4 6 4 3 5 7 6 10 8 3 13
4 7 4 3 6 7 6 10 9 4 12
3 7 4 3 5 7 7 11 8 4 11
3 7 3 3 5 7 7 10 9 4 11
3 7 4 4 6 7 6 11 8 4 10
3 8 4 3 6 7 7 11 9 3 10
3 8 3 3 7 7 7 11 8 3 9
2 9 3 4 7 8 7 10 8 3 9
2 9 4 4 7 7 7 10 8 3 8
2 9 3 3 8 8 7 10 8 3 8
2 10 3 4 9 8 8 9 8 3 8
2 10 4 4 9 8 9 8 8 4 8
2 10 4 4 10 9 20 8 3 8
2 11 4 4 11 10 20 8 4 8
2 11 5 4 12 11 28 4 8
2 11 5 4 14 14 25 14
2 11 6 4 15 51 14
1 12 6 5 17 27 21 16
1 12 6 4 20 21 25 4 12
1 12 7 5 25 19 22 21 10
1 12 7 5 64 18 21 1 9
1 12 8 5 65 16 21 2 8
2 12 8 5 6 55 13 21 3 7
2 13 9 5 6 50 10 21 3 6
2 14 9 6 5 5 17 7 1 20 4 5
2 14 10 6 5 5 10 4 2 20 4 5
2 14 10 6 6 5 7 1 2 19 4 4
2 14 11 6 6 4 5 3 18 6 4
2 15 11 6 6 5 8 4 16 5 4
2 15 12 7 6 5 10 4 14 5 4
2 15 12 6 5 4 11 5 10 3 4
2 15 13 7 6 4 13 6 4
2 16 14 7 6 5 7 7 6 4
3 16 14 7 6 5 6 7 5 4
3 16 15 7 5 5 7 8 4
3 16 16 7 6 5 7 7 4
3 17 16 8 6 4 7 8 4
3 17 16 8 5 4 7 7 4
4 18 17 8 5 4 7 8 5
4 18 18 9 6 4 7 8 5
4 18 19 9 5 4 7 8 5
4 19 19 9 5 4 7 8 5
24 19 9 5 4 7 8 6
25 20 10 5 4 7 8 6
25 21 10 5 4 7 8 3 2
25 22 10 4 4 7 8 4 2
26 23 10 5 4 7 9 3 1
26 24 10 4 4 7 9 3 1
27 25 11 4 4 7 9 4 1
27 26 11 3 5 6 11 5 1
28 27 12 4 5 7 3 10 4 1
28 27 13 3 5 7 7 10 5 1
29 28 16 5 7 10 12 5
30 30 16 5 6 12 14 5
30 30 15 5 6 15 18
31 32 15 5 6 17 16
31 33 14 5 6 18 2 6
32 34 13 5 6 20 3 2
33 36 12 5 5 21 2 2
33 38 11 5 6 23 3 2
34 39 10 5 6 24 3 2
35 41 9 5 6 25 2 3
35 43 8 5 6 26 3 3
36 45 7 5 6 26 3 3
85 6 5 6 28 3 2
93 5 6 28 3 2
93 5 6 28 3 2 1
94 5 6 29 3 2 1
94 5 5 30 3 2 1
95 5 5 30 2 3 1
95 5 5 30 2 3 1
96 5 5 31 2 3 2
96 5 5 31 3 3 2
97 6 5 32 3 3 2
97 5 5 32 3 2 3
98 5 5 32 3 3 3
99 6 5 32 3 3 4
99 5 5 32 3 3 4
100 6 5 32 3 3 5
100 5 5 32 3 3 5
101 6 5 32 3 2 6
102 6 5 33 3 3 6
102 6 5 33 3 3 7
103 6 6 33 2 3 8
104 6 6 33 3 2 8
105 6 39 3 3 9
106 6 39 2 3 10
106 7 39 3 3 11
107 6 37 2 3 12
108 6 37 3 3 13
109 7 36 3 4 14
110 6 36 3 4 15
111 7 34 2 3 16
112 7 34 3 3 17
113 7 33 3 4 18
114 7 32 2 24
115 8 31 3 25
116 8 30 3 27
117 8 29 3 28
118 8 61
119 9 60
121 9 59
122 10 58
123 10 57
125 11 56
126 67
128 66
130 65
132 63
134 62
136 61
138 60
140 59
59 140
57 45 91
55 35 80
54 30 75
53 27 71
52 24 89
50 21 96
49 20 100
48 18 103
47 2 16 106
46 3 15 108
45 4 13 110
44 4 12 112
43 5 10 114
42 3 2 9 116
41 3 3 9 117
40 3 3 7 119
40 3 4 6 121
39 3 1 2 5 12 90
38 4 2 2 4 8 85
37 3 1 2 3 6 81
37 3 2 2 3 5 77
36 3 2 2 4 5 75
36 3 2 3 20 72
35 3 2 3 24 70
34 3 2 3 30 67
34 3 2 3 3 23 65
33 3 3 3 2 18 63
33 3 2 3 2 15 61
32 3 2 3 2 36 60
32 3 3 3 2 38 58
31 3 2 3 2 39 56
31 3 3 3 2 40 55
30 3 3 4 2 40 53
30 3 2 4 2 41 52
29 3 3 3 2 41 50
29 3 3 3 2 42 49
28 3 2 3 3 90
28 3 3 3 3 88
28 3 3 3 3 86
27 2 2 3 3 84
27 3 3 4 3 82
26 2 3 4 3 13 81
26 3 2 4 3 25 79
25 2 3 4 37 78
25 2 3 4 10 14 77
24 2 3 10 12 75
24 2 3 7 11 74
24 3 3 8 11 73
23 2 3 8 12 11 71
23 2 3 7 20 11 70
22 3 3 35 11 69
22 2 3 37 11 68
22 3 3 17 11 11 67
23 2 3 13 9 11 66
20 2 2 3 10 8 10 66
19 4 3 3 9 8 11 65
18 4 2 3 6 7 11 64
18 8 3 4 2 7 10 63
17 8 3 3 2 7 11 62
16 3 5 3 3 3 7 10 61
16 3 5 2 3 3 7 10 60
15 3 3 2 3 3 2 6 11 60
15 2 3 3 3 4 2 6 10 59
14 2 2 3 3 4 2 7 10 58
14 3 2 4 4 6 3 7 10 58
13 2 2 5 14 2 7 10 57
13 2 2 5 15 2 7 10 56
12 2 2 5 5 5 4 2 6 10 56
12 2 2 5 7 4 4 2 7 10 55
12 2 2 5 7 5 4 2 7 10 55
11 2 2 3 7 2 4 3 2 8 7 10 54
11 2 2 3 7 3 4 3 3 17 7 10 54
11 3 1 2 6 3 4 3 3 23 8 10 53
11 2 1 3 6 2 4 3 30 11 10 53
11 2 2 3 5 3 4 2 32 17 10 52
11 3 2 3 5 3 4 36 20 10 52
10 2 1 4 5 3 4 11 15 23 10 51
10 2 1 4 5 3 3 6 12 25 10 51
10 3 2 4 5 3 4 5 10 28 10 50
9 3 2 3 4 4 4 4 9 7 19 10 50
9 2 2 3 4 3 3 4 8 6 16 10 50
9 2 1 4 4 3 4 4 8 6 14 11 49
8 2 2 3 4 3 4 4 7 6 12 11 49
8 3 2 3 4 3 3 5 7 6 20 49
8 3 2 2 4 3 3 4 7 6 18 48
8 3 5 3 3 4 4 6 6 63
8 2 4 4 3 4 5 6 5 60
4 3 2 4 4 4 4 4 6 5 58
3 3 2 3 4 4 3 4 5 5 55
3 2 3 4 4 4 3 5 5 6 53
3 2 3 4 4 4 4 4 4 6 50
3 1 2 4 4 4 4 4 5 5 48
2 2 2 3 3 3 4 4 5 4 5 46
2 2 2 4 5 3 4 4 4 4 5 44
2 2 3 4 5 3 3 4 4 4 5 42
2 2 3 4 7 4 3 4 4 4 5 40
2 2 3 4 7 3 4 4 4 2 4 5 38
2 3 2 4 7 3 4 4 5 12 4 4 37
2 3 2 4 7 3 4 4 4 17 4 4 35
1 2 2 3 7 3 4 4 4 20 3 4 33
1 2 2 3 7 3 4 4 4 24 4 4 32
1 2 3 3 7 3 3 4 32 4 4 30
1 2 3 3 7 3 3 4 33 3 4 29
1 2 3 3 5 2 3 3 9 11 3 4 28
1 2 2 2 4 3 3 3 7 9 4 4 27
1 2 2 2 3 3 3 5 8 3 4 25
1 2 2 2 3 3 3 5 7 3 4 24
1 2 2 2 3 3 3 5 6 3 4 23
1 3 3 2 4 13 3 5 6 3 4 25 22
1 3 3 2 3 15 5 5 5 3 4 35 21
1 3 3 3 30 5 5 3 4 42 20
1 2 3 2 8 3 13 5 5 3 51 19
1 2 2 2 7 4 13 5 4 3 16 25 18
1 2 3 3 5 5 4 11 14 4 3 10 20 17
1 1 3 2 2 2 7 3 9 19 4 2 7 16 16
1 1 3 2 1 2 7 4 8 24 3 3 5 15 15
1 2 2 2 2 2 7 5 7 28 3 3 4 13 14
1 2 2 1 2 2 9 5 38 3 8 13 13
1 2 3 1 2 2 2 9 6 39 3 8 12 12
2 1 3 3 2 3 9 6 40 3 8 11 12
2 2 2 3 1 4 9 6 7 21 3 8 11 11
2 2 3 2 2 4 10 6 7 17 3 8 11 10
2 1 2 2 1 5 10 6 7 14 2 8 10 9
2 2 2 2 1 5 10 6 6 12 3 9 9 9
1 2 4 5 10 6 6 10 3 9 10 8
2 2 3 5 10 6 6 9 3 9 9 7
2 2 3 5 11 6 6 11 9 9 7
1 1 3 5 11 6 6 20 9 9 6
2 2 2 5 11 7 6 19 27 9 6
2 2 2 5 11 6 6 11 17 36 9 5
2 2 2 5 10 6 6 17 16 43 9 5
2 2 2 4 10 6 6 20 17 49 9 4
1 2 2 2 4 10 6 5 21 16 54 9 4
1 2 2 2 4 10 6 5 22 15 24 15 9 3
1 2 4 4 11 6 5 21 14 21 13 9 3
1 2 4 4 10 6 5 18 5 9 18 13 8 2
2 3 4 4 10 6 5 16 4 7 16 12 8 2
2 3 4 4 10 5 5 14 5 6 14 18 8 1
2 3 1 2 4 10 6 5 13 6 16 29 9 1
3 3 2 2 4 9 5 5 11 6 12 34 9
1 1 3 2 2 5 9 6 5 10 6 8 38 9
4 2 2 2 5 9 5 5 6 16 6 41 9
2 2 4 2 5 8 6 5 11 15 6 44 8
2 2 3 3 5 8 5 5 14 14 7 54
2 2 2 2 5 7 5 5 17 14 9 55
3 2 2 2 5 7 5 6 19 13 10 56
4 2 2 2 4 7 5 6 20 13 10 57
2 1 3 3 2 4 6 5 7 21 12 10 58
2 2 7 2 4 6 12 22 12 10 59
3 2 5 1 4 19 23 11 10 59
3 2 2 2 1 23 24 12 10 60
3 2 2 2 2 23 5 9 11 9 60
4 2 2 2 2 3 16 7 10 8 61
2 1 3 2 2 1 1 14 6 11 8 61
2 2 4 2 1 4 14 5 9 7 62
2 2 3 2 2 6 12 5 7 7 62
2 2 3 2 1 7 12 3 6 6 62
3 8 2 9 12 3 5 6 63
3 7 2 9 11 1 3 6 69
3 3 2 2 8 11 2 9 68
3 2 3 2 8 11 2 10 4 62
4 2 3 1 7 11 1 6 4 61
4 2 3 2 5 10 3 1 4 4 59
6 2 3 2 3 9 10 5 3 4 58
6 3 3 1 3 9 13 8 3 56
6 3 4 2 4 1 9 16 9 4 54
6 1 1 2 1 10 8 3 8 10 3 37 14
7 1 2 13 8 3 6 11 3 31 15
8 2 2 12 7 3 5 11 4 24 16
14 2 13 6 2 5 12 3 15 17
14 1 12 5 1 5 12 4 4 14
13 1 13 3 2 4 12 4 4 15
13 2 14 2 2 4 12 3 4 16
13 2 15 2 2 4 12 4 5 16
14 2 14 3 2 3 12 5 5 17
15 16 4 2 6 3 12 6 7 18
16 7 4 6 2 11 3 12 9 8 19
17 5 7 17 3 12 4 12 14 20
17 5 10 17 3 12 4 24 22
18 6 12 19 3 11 4 18 23
27 13 16 2 4 12 3 4 18
27 14 13 4 4 11 3 4 19
21 3 14 9 6 4 10 3 5 20
21 15 2 2 8 4 9 4 4 21
22 18 5 10 3 1 3 5 22
39 3 7 3 12 5 3 3 5 23
39 3 9 5 14 10 3 3 3 6 24
23 7 6 4 26 16 10 10 5 8 25
23 5 7 4 25 19 8 9 12 11 26
24 3 6 3 23 22 7 8 5 20 27
24 1 3 4 20 25 6 6 6 13 28
26 4 4 16 40 1 6 30
33 5 9 43 8 31
38 46 10 33
37 8 50 12 35
133 37
131 39
133 42
139 47
