35
5 5
7 11
3 1 3 7
4 1 1 2 3 6
2 5 3 11
2 2 3 1 1 5 5
1 6 4 1 3 5
1 1 3 3 2 2
2 3 3 2 2
3 3 2 2 1 2
3 3 2 1 1
2 3 1 2 1 1 1
2 2 3 2 3 5
1 2 2 4 2 1 1 2
1 2 2 4 2 2 3
1 2 5 3 8
1 1 3 3 2 1
1 3 1 1 2
2 1 1 1 1 1
1 1 1 1 1 1
1 1 1 10
2 1 1 1 1
1 17 1 5
4 17 1 5
4 17 1 5
4 17 6
4 17 5
4 17 5
4 18 4
4 17 4
4 17 7
7 19 4
5 17 1 4
5 22 4
4 17 3
4 12
2 2 7 12
2 1 2 4 12
1 1 3 14
1 3 1 3
4 2 1
1 1 1 1 1
1 1 2 11 2
6 1 2 1 7 2
3 2 2 2 5 12
3 1 1 2 2 13
2 1 2 1 6 13
2 2 2 3 13
2 1 1 1 2 1 13
6 4 3 13
1 2 3 1 13
3 1 2 1 13
1 1 2 3 13
2 1 1 3 1 13
1 3 3 2 13
2 2 2 2 13
1 1 2 2 13
1 1 2 1 5 13
1 1 2 6 15
2 1 1 2 1 7 2
7 1 1 4 2
6 1 1 1 2
7 1 1 1 1
7 1 5 1 2
7 1 1 1 1
4 1 9 8 1
2 1 1 4 12
2 3 13
2 2 13
4 13
