70
1	1	2
2	2	3	1
1	2	3	1	1	2
1	2	3	2	1	3
1	2	3	2	1	2	2
4	6	3	2	4
4	3	6	4	13
6	5	3	5	4	12
14	5	4	5	3	11
17	13	3	7	1
4	7	12	15	3
3	6	39
3	47
1	1	4	44
1	3	40
1	2	13	12
1	2	14	11
2	6	13	11
2	23	10
1	23	12
24	10
24	8
24	11
5	17	5
4	17	8
3	12	9
3	14	7
2	11	10
1	12	10	2
1	9	14	1
9	17
11	4	19
16	9	5	10
35	3	9
24	10	3	8
21	6	2	6
22	5	4	1	5
20	2	2	3	4	1	4
10	8	2	1	2	1	3	1	5
11	8	2	3	2	5	5
8	9	2	5	3	2	8
8	1	7	1	2	2	4	8
9	1	1	6	1	4	3	2	8
10	1	1	1	6	3	12
6	1	1	3	6	3	2	4	1
8	1	1	3	3	3	4	3	2	1
8	1	2	3	3	10	1	2	1	1
9	2	2	3	8	1	2	1	1	1
10	3	3	1	5	3	1	1
12	4	2	4	2	1
13	4	2	2	3	2
15	10	3	3	2	3
4	21	3	3	1	3
3	19	2	3	4
2	12	2	3	5
2	9	3	2	2	7
2	11	1	3	5	7
10	4	2	2	2	2	9	7
10	5	3	2	2	4	3	7
12	5	1	4	3	1	2	2	7
15	8	9	2	2	3	8
27	11	3	2	9
21	3	14	18
20	2	1	3	4
20	1	2	3	2
21	1	3	16	1
19	1	1	27	1	1
19	3	30	1	2	2	1
20	4	32	1	1	1
27	33	1	1	1
4 12
3 13
3 14
3 15
2 2 13
2 2 3 2 13
2 2 3 2 13
8 4 3 13
3 3 3 13
2 4 4 13
3 5 4 1 11
2 5 1 5 11
3 8 6 10
3 9 1 8 10
3 10 1 1 2 8 10
3 2 8 1 1 12 9
3 2 10 1 1 15 9
3 2 12 1 1 18 9
2 1 11 22 9
3 2 12 23 5 2
3 1 28 5 3 2 1
5 27 3 2 1
5 34 2 2 2 2
6 25 7 3 4
1 6 24 7 5 3
1 29 5 6 6 3
2 27 2 5 1 4 1
3 26 5 2 10
2 12 8 2 2 1 9 2
15 11 4 1 8 3
14 11 2 7 5
12 12 1 6 7
2 10 13 6 6
17 15 5 1 1 4
12 15 4 4 5
13 37
3 8 6 2 4 14
2 7 5 3 3 3 5 6
2 7 4 2 3 3 4 5
2 8 3 2 6 2 3 5
9 3 2 6 8 5
5 4 3 2 1 4 2 6 5
6 4 3 1 3 4 4 4 5
6 4 3 1 2 1 3 5 2 5
5 5 3 1 2 1 3 6 1 5
2 2 5 3 2 4 3 5 1 5
1 2 5 3 2 2 3 3 5
2 1 6 4 3 1 2 5
1 7 5 3 2 2 5
8 12 3 5
3 5 12 1 2 4
2 5 6 2 2 2 4
5 6 5 2 1 1 1 4
2 2 7 4 1 2 2 1 2 4
2 9 3 1 1 2 1 1 1 3 4
4 11 3 1 1 2 1 2 1 1 1 3
12 4 1 3 2 5 1 3
13 4 2 3 3 4 1 3
16 4 1 1 2 1 3 1 2
6 12 5 2 3 2 2 1 2
2 3 22 4 4 2 2 1 3
1 3 23 5 3 1 2 1
2 3 24 7 3 3 1
1 3 40 8 2
3 3 29 8 3
2 3 6 19 9
3 1 1 5 4 13 11 2
2 2 2 1 2 1 7 1 1 13 3
2 1 1 1 1 2 5 15
1 2 1 1 2 3 22 3
