60
3	1
5	2
7	4
9	5
1	6	7
4	4	9
6	3	2	5
8	2	5	4
11	7	2
12	11	2
12	14
14	11	1
11	2	10	1
8	3	8	2
2	5	6	7	2
5	2	9	5	2
8	1	10	5	2
10	13	4	2
11	12	2	3	3
26	2	2	2
11	15	2	2	2
11	17	1	1	1	2
12	18	2	1	2
12	19	2	2	2
12	20	2	2	1
12	17	3	1	1
15	16	3	2	1
16	15	5	1
1	10	9	3	2	1
7	5	8	7	3	2	1
11	3	1	6	6	3	2	2
13	6	5	5	3	2	3
17	7	3	4	3	2	3
19	8	3	3	3	1	2
20	9	2	3	3	2
22	10	2	5	3
24	11	1	1	2	3
16	12	1	3	1
5	11	14	3	2
10	9	15	3	1
11	7	15	4
13	5	5	4	4
15	3	2	5	5	3
16	2	16	4
16	19	8
21	5	2	1	6
12	2	2	6	1	1	7
14	2	2	2	3	1	8
1	2	2	2	3	2	4
2	1	2	2	2	2	2	8	2
2	2	2	2	10	1
2	11
2	17	8	2
5	20	8	5
14	8	3	6
9	3	8	5	7
1	1	5	6	12	7
3	4	12	11	2	8
5	7	9	13	2	8
18	5	16	9
2 4
4 2 3
1 3 2 3
2 1 1 2 2
3 1 1 3 2
1 4 1 2 1
1 5 1 2 2 1
2 7 1 2 2 1
2 8 1 2 1
3 10 2 3 1
4 10 2 3 2
1 5 10 3 2
1 5 10 2 3 3
3 7 9 2 2 3
7 8 9 2 4
6 9 8 2 2 3
7 9 8 2 2 2
8 10 7 2 2 1
9 11 6 2 2 3
1 10 12 2 2 2 2 4
1 11 13 2 2 3
3 29 1 2 2 4
4 15 16 2 2 3
5 10 4 13 2 2 3
6 9 17 1 2 2 3
10 8 1 4 10 1 1 2 2 3
9 6 2 5 8 2 1 2 2
9 5 3 5 7 2 2 2 3 3
1 10 4 4 6 5 3 2 2 3 2
2 9 9 2 2 4 2 3 3
4 10 8 1 12 4 3 2 1
5 3 6 10 1 10 5 3 2 1
5 2 4 11 1 10 5 4 2 1
5 1 2 13 1 10 5 3 2 1
6 2 15 2 9 6 3 2 2
6 2 15 2 9 3 2 3 2 2
5 2 16 3 9 2 1 3 2 3
5 14 3 9 2 3 2 3
5 19 8 2 3 2 3
7 15 4 11 2 2 4
7 15 4 5 7 2 4
1 7 16 3 7 2 4
1 7 17 2 2 6 1 2 4
2 7 1 16 3 1 2 2 4
6 6 2 16 2 4 2 4
6 7 2 11 2 6 1 5
6 7 5 4 6 6 1 5
6 7 1 5 4 2 7 1 3
7 7 1 12 2 7 1 3 1
6 7 2 10 2 7 4
3 6 2 6 2 3 2
2 4 2 2 1
3 8 1 2 3
4 5 2 5
4 2 6
6 2 7
9 2 7
2 7
2 8
1 8
