50
2	3
4	5
5	6
2	7	2
2	5	3
1	4	3
2	2	3	2	4
1	1	4	1	1	4
1	6	3	5
2	6	3	7
3	2	3	11
5	5	10
29
24	5
24	5
24	5
22	5
2	18	4
3	15	5
3	8	4
4	4
3	5
3	4
3	5
2	5
2	4
2	2	6
6	2	2	2	7	6
9	3	2	13	8
17	27
18	2	7	16
10	2	2	3	15
10	3	1	2	1	15
9	1	2	1	1	14
9	1	2	14
8	12
7	13
6	11
6	11
14	13
19	19
4	10	31
2	9	3	10	4
9	8	2
5	2	9
5	2	2	6
4	2	3	5
2	3	3	3
2	3
2
2 2
2 4
2 4
3 2 3
6 1 3
7 7 2 2
9 8 2 2 2
8 3 9 5 2
12 2 10 5 2
3 9 2 10 5 2
2 8 3 10 7
2 7 3 17
2 5 8 3 15
3 1 3 8 20
4 3 9 6 9
19 3 5
17 2 4
17 6 2
3 9 4 3
4 8 3 3 2
4 7 2 2 2 2
3 4 7 1 2 1
3 1 3 7 2 1
2 13 1 2 2 1
3 8 2 1 2 2
15 5 2
13 6 2
11 3 2
10 3 2
5 4 3 3
15 4 3
16 5 4
19 6
7 22
4 20
19
18
17
16
18
20
17 3
11 5 3
10 2 2 2
10 2 2
8 2 3
8 2 3
6 2 3
2 3 3
2 2
